	24	25	26	27	28	32	33	34	36	37	38	40	41	42	43	44	45	46	47	48	75	76	77	78	79	80	81	82	83	84	85	10LD	12LD	13LD	14LD	15LD	16LD	17LD	18LD	19LD	1LD	20LD	21LD	22LD	23LD	2LD	3LD	4LD	6LD	7LD	8LD	9LD24	0	0.573919346	0.563417659	0.516353433	0.550635227	0.622573894	0.642332545	0.639108052	0.648875891	0.653750019	0.612431677	0.614548679	0.595403423	0.618763847	0.606481165	0.586415851	0.651139846	0.572293111	0.547828867	0.620713846	0.627013454	0.637317908	0.658915227	0.692927112	0.645363206	0.700375783	0.742835232	0.671637476	0.6384916	0.613012099	0.647431791	0.719947467	0.639913855	0.618809903	0.600775634	0.67406112	0.709239005	0.620739665	0.632332822	0.546558414	0.666395048	0.597189894	0.525155425	0.625598989	0.594157791	0.635160737	0.610159613	0.604630084	0.616883468	0.614854085	0.636531195	0.60172902425	0.573919346	0	0.573738538	0.545629084	0.587702119	0.650231829	0.607512847	0.672722787	0.66754158	0.656537449	0.601965504	0.642270843	0.675368951	0.697473327	0.651938559	0.647480478	0.646953168	0.633085005	0.664689951	0.669071312	0.631369558	0.6332387	0.600736271	0.683491576	0.667516778	0.699191975	0.74432751	0.620082289	0.641117719	0.582185913	0.619389061	0.723524489	0.646528242	0.639359733	0.623563578	0.64194055	0.723973587	0.675168329	0.636588631	0.64808934	0.672231752	0.628811246	0.569612254	0.618075646	0.636208529	0.623579163	0.58258821	0.549744425	0.624429916	0.649052027	0.678615473	0.61954385826	0.563417659	0.573738538	0	0.53323095	0.598180398	0.626059126	0.645442302	0.666690682	0.646165781	0.682294391	0.63164336	0.616972461	0.631639547	0.63816106	0.627721356	0.613116572	0.640933553	0.627932102	0.620313383	0.64099529	0.632933793	0.64866382	0.650309539	0.690202313	0.665239336	0.710481004	0.767793166	0.651348746	0.663542536	0.630037505	0.655396293	0.720436073	0.648037499	0.644809118	0.640298538	0.669831456	0.675678466	0.639696192	0.661497837	0.571774452	0.675842491	0.609712993	0.532413061	0.644049117	0.656293884	0.63174988	0.624004489	0.560588609	0.632182044	0.62558397	0.653696559	0.61771292927	0.516353433	0.545629084	0.53323095	0	0.590352899	0.596495607	0.627851044	0.629130707	0.639822569	0.642051315	0.627376019	0.610049883	0.619193038	0.63474187	0.591535085	0.586090602	0.611527394	0.571816968	0.600129043	0.606523376	0.624039707	0.595170105	0.637163723	0.660747764	0.626495704	0.73504393	0.748566031	0.654811206	0.646467646	0.600152139	0.642632536	0.696208023	0.616123677	0.610390763	0.580771777	0.640105014	0.712869657	0.636474862	0.622705145	0.57848384	0.686385855	0.607647874	0.56854037	0.60168388	0.586301195	0.60305274	0.605435179	0.611431604	0.636397736	0.614015237	0.621247263	0.60894866228	0.550635227	0.587702119	0.598180398	0.590352899	0	0.648376093	0.652473461	0.661858953	0.669015521	0.686177192	0.614581197	0.649742883	0.60634527	0.638327644	0.646011847	0.623533961	0.649161922	0.589719065	0.601740033	0.597620365	0.658444614	0.649806017	0.66991261	0.695734237	0.667323016	0.714864233	0.77914402	0.679925445	0.653952206	0.641725911	0.64461388	0.691392017	0.61311875	0.644557848	0.623928484	0.649056293	0.661413257	0.59523903	0.633816113	0.591365627	0.691911798	0.623928946	0.503213843	0.629688585	0.536045854	0.641517157	0.620620309	0.594148432	0.655322768	0.666257445	0.629342824	0.6140793932	0.622573894	0.650231829	0.626059126	0.596495607	0.648376093	0	0.57725784	0.553300101	0.539524283	0.634470182	0.575388453	0.594514669	0.649820799	0.592618761	0.667263245	0.649989837	0.651014897	0.651707491	0.664856479	0.669795857	0.577354665	0.590169685	0.633631965	0.628395907	0.601508944	0.679813421	0.761594606	0.658959196	0.620118276	0.615827135	0.566846308	0.749042686	0.703177413	0.65570047	0.664589432	0.663441605	0.71543051	0.688219435	0.662484047	0.603090007	0.702438065	0.619583878	0.630358027	0.644237314	0.630606223	0.647160669	0.623814287	0.604827382	0.630709549	0.664208767	0.649930623	0.6280120833	0.642332545	0.607512847	0.645442302	0.627851044	0.652473461	0.57725784	0	0.567862952	0.582777017	0.625310603	0.574327062	0.604221177	0.684819806	0.671611301	0.674276854	0.670455121	0.687906335	0.639154259	0.684232912	0.690948186	0.612634189	0.619004947	0.612611864	0.67046049	0.617163497	0.677582072	0.75514095	0.664303723	0.630923612	0.575415758	0.597946569	0.7718578	0.698097907	0.644729318	0.658748021	0.64470369	0.705067213	0.675128361	0.667728732	0.641722131	0.721351894	0.670889509	0.64061571	0.668119259	0.635182223	0.66062929	0.616503029	0.597274822	0.657790923	0.657751424	0.643063438	0.65655154634	0.639108052	0.672722787	0.666690682	0.629130707	0.661858953	0.553300101	0.567862952	0	0.505426357	0.693718024	0.522335769	0.608782011	0.640876088	0.621820067	0.71211514	0.664721709	0.639744009	0.642559368	0.659909534	0.653604436	0.615553606	0.615988551	0.690050205	0.627058295	0.647321348	0.710684613	0.779590381	0.662893393	0.643551234	0.632093859	0.62158868	0.780536198	0.749829975	0.681016654	0.688080083	0.673227183	0.697555292	0.632828219	0.685789048	0.619261137	0.705332075	0.656280749	0.625979971	0.667628208	0.677625156	0.672940288	0.618460239	0.653412806	0.684626125	0.711094225	0.6307895	0.68066823336	0.648875891	0.66754158	0.646165781	0.639822569	0.669015521	0.539524283	0.582777017	0.505426357	0	0.669551358	0.537948514	0.60615158	0.626676171	0.579652066	0.709702923	0.694430791	0.633742913	0.670092517	0.658447266	0.666568743	0.646222004	0.619780029	0.665490373	0.613590292	0.680495286	0.707712566	0.775502508	0.655111389	0.644216956	0.621332204	0.631488073	0.777951539	0.736194937	0.692952826	0.697973833	0.689197649	0.670592467	0.61452122	0.694657285	0.57761496	0.674521866	0.612615664	0.612356461	0.678398724	0.650073565	0.650984154	0.596441346	0.663471123	0.686480195	0.699628043	0.603775338	0.68767395937	0.653750019	0.656537449	0.682294391	0.642051315	0.686177192	0.634470182	0.625310603	0.693718024	0.669551358	0	0.654370693	0.619102967	0.727496837	0.710542633	0.722343159	0.700112753	0.71699153	0.700448866	0.69857911	0.723940331	0.63864051	0.649275047	0.656541459	0.680970853	0.672988592	0.655377865	0.720199198	0.671601381	0.6679384	0.629404705	0.658345336	0.729620108	0.706701977	0.65776101	0.682892064	0.697970693	0.667666985	0.706012766	0.698235406	0.688948155	0.759787034	0.672552544	0.648603142	0.715042917	0.665007184	0.692687763	0.657641568	0.654482757	0.67884156	0.689441032	0.718007754	0.67803045738	0.612431677	0.601965504	0.63164336	0.627376019	0.614581197	0.575388453	0.574327062	0.522335769	0.537948514	0.654370693	0	0.604458725	0.661041881	0.658555574	0.738865843	0.667390972	0.700635475	0.665791482	0.664137786	0.688753536	0.608143454	0.628270883	0.672019513	0.645464322	0.646268266	0.692509623	0.755900245	0.616448222	0.624347724	0.572494048	0.607450083	0.748273601	0.746823381	0.701507583	0.683955643	0.684871575	0.713219285	0.631127366	0.684348481	0.621413912	0.694750579	0.615762865	0.592982198	0.654651304	0.648524648	0.640705891	0.608527481	0.619076219	0.656578758	0.71427001	0.634562616	0.66723349940	0.614548679	0.642270843	0.616972461	0.610049883	0.649742883	0.594514669	0.604221177	0.608782011	0.60615158	0.619102967	0.604458725	0	0.649365757	0.621750187	0.669743007	0.688873532	0.637390565	0.623204132	0.652871239	0.642569291	0.630380802	0.582177884	0.62459092	0.647049181	0.63209715	0.708787379	0.745120577	0.616270711	0.619792108	0.613511072	0.64882934	0.767615295	0.690053632	0.674559916	0.649821268	0.669037922	0.689590258	0.649818368	0.649161776	0.63012071	0.701606266	0.671477586	0.608519232	0.696731195	0.630701231	0.63672873	0.600702767	0.609469813	0.633777461	0.665493829	0.65326364	0.6661875541	0.595403423	0.675368951	0.631639547	0.619193038	0.60634527	0.649820799	0.684819806	0.640876088	0.626676171	0.727496837	0.661041881	0.649365757	0	0.596604631	0.639279002	0.596871077	0.602354692	0.604495782	0.60145879	0.620520387	0.700183713	0.661925262	0.685838637	0.681081297	0.662922751	0.731608694	0.78741407	0.714400423	0.690890233	0.675838046	0.674792176	0.736106434	0.680899783	0.64376104	0.665312167	0.665442394	0.701856898	0.593546493	0.628016506	0.550960076	0.68508621	0.648064308	0.595346374	0.63009774	0.635733521	0.644838943	0.626667347	0.658653807	0.667123204	0.660690336	0.646518919	0.64559779342	0.618763847	0.697473327	0.63816106	0.63474187	0.638327644	0.592618761	0.671611301	0.621820067	0.579652066	0.710542633	0.658555574	0.621750187	0.596604631	0	0.681627172	0.650513299	0.620939917	0.63582513	0.619375543	0.644049393	0.681205297	0.659183383	0.69422591	0.648337118	0.675643118	0.724040968	0.765780543	0.701911417	0.674365969	0.663219021	0.67108401	0.743621924	0.717821424	0.698030184	0.692761325	0.694046386	0.689222531	0.633514244	0.649170822	0.636222509	0.716042168	0.643197675	0.609833761	0.655657645	0.646990221	0.704590997	0.650196742	0.660672105	0.673577768	0.680398691	0.660543127	0.66656372143	0.606481165	0.651938559	0.627721356	0.591535085	0.646011847	0.667263245	0.674276854	0.71211514	0.709702923	0.722343159	0.738865843	0.669743007	0.639279002	0.681627172	0	0.562425775	0.622817445	0.572909349	0.60709212	0.587855194	0.689591569	0.63276997	0.684865618	0.733243175	0.664820163	0.73384551	0.800356508	0.711213595	0.663811102	0.673896471	0.705068868	0.764618001	0.524738589	0.623727559	0.574447364	0.632276327	0.721865763	0.70285757	0.577153588	0.59821166	0.721871757	0.662767054	0.618230056	0.668915038	0.612329403	0.689188181	0.683938109	0.639552965	0.669605422	0.576614888	0.682972089	0.66571100144	0.586415851	0.647480478	0.613116572	0.586090602	0.623533961	0.649989837	0.670455121	0.664721709	0.694430791	0.700112753	0.667390972	0.688873532	0.596871077	0.650513299	0.562425775	0	0.614386759	0.578253851	0.566523484	0.616298587	0.67676947	0.664390113	0.713064181	0.705612435	0.649988923	0.732065471	0.799048747	0.718515092	0.681525395	0.665163928	0.685691557	0.71392956	0.621035656	0.648793187	0.589428018	0.650919773	0.719429258	0.638324375	0.607394105	0.609159875	0.718082807	0.642869066	0.620739367	0.630186234	0.63183061	0.687708445	0.659126818	0.655569619	0.679956741	0.612143368	0.661394309	0.63116171645	0.651139846	0.646953168	0.640933553	0.611527394	0.649161922	0.651014897	0.687906335	0.639744009	0.633742913	0.71699153	0.700635475	0.637390565	0.602354692	0.620939917	0.622817445	0.614386759	0	0.618284176	0.617043404	0.566105629	0.682422631	0.657007741	0.660396841	0.687450466	0.695988953	0.746260382	0.794451293	0.720615133	0.66373605	0.691640902	0.689651429	0.741271089	0.66151681	0.657988535	0.665697	0.665508156	0.712321389	0.678190309	0.61967985	0.612465354	0.679678191	0.669021167	0.6299507	0.643701751	0.628730243	0.6495852	0.651984011	0.662023105	0.672832977	0.667152411	0.642494544	0.67421170546	0.572293111	0.633085005	0.627932102	0.571816968	0.589719065	0.651707491	0.639154259	0.642559368	0.670092517	0.700448866	0.665791482	0.623204132	0.604495782	0.63582513	0.572909349	0.578253851	0.618284176	0	0.591682588	0.553999349	0.664292074	0.642990689	0.66503336	0.68638887	0.63540822	0.713742585	0.772933286	0.680896684	0.679296842	0.634265953	0.667362881	0.719010002	0.601685474	0.631517126	0.575217996	0.630284461	0.656294285	0.655520189	0.608356067	0.609121151	0.735625567	0.641855076	0.588549862	0.64019765	0.568093699	0.661093382	0.629524403	0.641132706	0.647632004	0.619614179	0.650905815	0.64622454547	0.547828867	0.664689951	0.620313383	0.600129043	0.601740033	0.664856479	0.684232912	0.659909534	0.658447266	0.69857911	0.664137786	0.652871239	0.60145879	0.619375543	0.60709212	0.566523484	0.617043404	0.591682588	0	0.613495361	0.68097123	0.692244209	0.704644235	0.720498531	0.675798949	0.732059586	0.776218172	0.712886113	0.680990222	0.676202937	0.701546437	0.762438917	0.613332789	0.646744209	0.598588325	0.65274678	0.730633332	0.66301836	0.621562083	0.593502508	0.72227584	0.638478564	0.583318302	0.655211835	0.627127079	0.680069539	0.662394847	0.642512897	0.667032501	0.606814827	0.655342496	0.64634095248	0.620713846	0.669071312	0.64099529	0.606523376	0.597620365	0.669795857	0.690948186	0.653604436	0.666568743	0.723940331	0.688753536	0.642569291	0.620520387	0.644049393	0.587855194	0.616298587	0.566105629	0.553999349	0.613495361	0	0.709795952	0.630592596	0.689349345	0.711592876	0.692886292	0.749466633	0.79279699	0.726383576	0.668192357	0.681486523	0.709996215	0.720232759	0.612562767	0.66969952	0.608515717	0.637815334	0.646884236	0.684876419	0.641535904	0.602359518	0.702107062	0.673492631	0.633645412	0.669454347	0.579962986	0.637809923	0.64565634	0.669224663	0.696598183	0.642217772	0.652212491	0.67530903875	0.627013454	0.631369558	0.632933793	0.624039707	0.658444614	0.577354665	0.612634189	0.615553606	0.646222004	0.63864051	0.608143454	0.630380802	0.700183713	0.681205297	0.689591569	0.67676947	0.682422631	0.664292074	0.68097123	0.709795952	0	0.630581855	0.63582197	0.605071287	0.608198191	0.686733688	0.779859456	0.619790231	0.622343249	0.649536747	0.555112039	0.791172996	0.700561974	0.643366857	0.624844643	0.656351216	0.704382138	0.697513149	0.667341091	0.596789257	0.716649524	0.630430539	0.620565492	0.68229666	0.654217608	0.647083293	0.649876016	0.553386291	0.639139227	0.660100729	0.6622372	0.61323905876	0.637317908	0.6332387	0.64866382	0.595170105	0.649806017	0.590169685	0.619004947	0.615988551	0.619780029	0.649275047	0.628270883	0.582177884	0.661925262	0.659183383	0.63276997	0.664390113	0.657007741	0.642990689	0.692244209	0.630592596	0.630581855	0	0.597902859	0.597516722	0.587578076	0.694731425	0.758406954	0.617731331	0.553421934	0.573572205	0.633585992	0.775093428	0.691535632	0.658042303	0.63260875	0.631688696	0.684095228	0.64187038	0.626714428	0.625543474	0.698794394	0.685988003	0.607530981	0.669473397	0.633341816	0.623096943	0.607547487	0.609467239	0.645227873	0.628949429	0.636138456	0.66114357277	0.658915227	0.600736271	0.650309539	0.637163723	0.66991261	0.633631965	0.612611864	0.690050205	0.665490373	0.656541459	0.672019513	0.62459092	0.685838637	0.69422591	0.684865618	0.713064181	0.660396841	0.66503336	0.704644235	0.689349345	0.63582197	0.597902859	0	0.656686031	0.645960998	0.689379353	0.741841844	0.614623404	0.606121872	0.600270825	0.590966108	0.762880964	0.708744507	0.651843221	0.661268681	0.652151297	0.699304571	0.692694356	0.676755212	0.657392592	0.664077691	0.670250298	0.657077159	0.655250696	0.656292866	0.651557191	0.654156629	0.608433212	0.651144523	0.67151662	0.683802537	0.65132115878	0.692927112	0.683491576	0.690202313	0.660747764	0.695734237	0.628395907	0.67046049	0.627058295	0.613590292	0.680970853	0.645464322	0.647049181	0.681081297	0.648337118	0.733243175	0.705612435	0.687450466	0.68638887	0.720498531	0.711592876	0.605071287	0.597516722	0.656686031	0	0.647690176	0.717510615	0.76561953	0.657288345	0.655656905	0.630094118	0.655836481	0.783447212	0.757407043	0.677860786	0.687698823	0.695273579	0.724447276	0.639761772	0.675119197	0.653741716	0.701502929	0.658227725	0.634075949	0.70934901	0.668292998	0.656144424	0.610476562	0.647116808	0.692954989	0.713899008	0.669065563	0.69122430379	0.645363206	0.667516778	0.665239336	0.626495704	0.667323016	0.601508944	0.617163497	0.647321348	0.680495286	0.672988592	0.646268266	0.63209715	0.662922751	0.675643118	0.664820163	0.649988923	0.695988953	0.63540822	0.675798949	0.692886292	0.608198191	0.587578076	0.645960998	0.647690176	0	0.666412012	0.716868074	0.62269336	0.626114813	0.576635184	0.626547241	0.760470078	0.70101488	0.67223995	0.654503412	0.654716273	0.687190858	0.678566069	0.659542076	0.665815012	0.742794049	0.675876209	0.639324514	0.667740645	0.63385036	0.626630572	0.663728086	0.636059713	0.64618392	0.662406556	0.684471088	0.66566243480	0.700375783	0.699191975	0.710481004	0.73504393	0.714864233	0.679813421	0.677582072	0.710684613	0.707712566	0.655377865	0.692509623	0.708787379	0.731608694	0.724040968	0.73384551	0.732065471	0.746260382	0.713742585	0.732059586	0.749466633	0.686733688	0.694731425	0.689379353	0.717510615	0.666412012	0	0.684348259	0.714873121	0.686096799	0.656041367	0.696939503	0.762163089	0.773805088	0.729222	0.738774836	0.72914042	0.675832232	0.746388146	0.737725789	0.707166886	0.784856479	0.717285162	0.683341634	0.728901588	0.67970513	0.710810784	0.715527606	0.67132736	0.673802508	0.683894426	0.751566896	0.74694213781	0.742835232	0.74432751	0.767793166	0.748566031	0.77914402	0.761594606	0.75514095	0.779590381	0.775502508	0.720199198	0.755900245	0.745120577	0.78741407	0.765780543	0.800356508	0.799048747	0.794451293	0.772933286	0.776218172	0.79279699	0.779859456	0.758406954	0.741841844	0.76561953	0.716868074	0.684348259	0	0.716505908	0.738123889	0.725368292	0.760036483	0.805759432	0.79993858	0.778934119	0.765628118	0.770544864	0.759106967	0.795064697	0.76896503	0.786882324	0.798396255	0.778368977	0.746028788	0.798205043	0.737757175	0.771532787	0.749930476	0.730356625	0.715226565	0.749747373	0.808827449	0.80799472682	0.671637476	0.620082289	0.651348746	0.654811206	0.679925445	0.658959196	0.664303723	0.662893393	0.655111389	0.671601381	0.616448222	0.616270711	0.714400423	0.701911417	0.711213595	0.718515092	0.720615133	0.680896684	0.712886113	0.726383576	0.619790231	0.617731331	0.614623404	0.657288345	0.62269336	0.714873121	0.716505908	0	0.627156241	0.618802725	0.603934534	0.805469206	0.729925975	0.65827232	0.693806668	0.67478458	0.731423434	0.707331283	0.696511425	0.688409556	0.706160134	0.675188286	0.635780739	0.702427728	0.692611674	0.668640591	0.642154739	0.619444735	0.65154876	0.666958879	0.717442821	0.66813869283	0.6384916	0.641117719	0.663542536	0.646467646	0.653952206	0.620118276	0.630923612	0.643551234	0.644216956	0.6679384	0.624347724	0.619792108	0.690890233	0.674365969	0.663811102	0.681525395	0.66373605	0.679296842	0.680990222	0.668192357	0.622343249	0.553421934	0.606121872	0.655656905	0.626114813	0.686096799	0.738123889	0.627156241	0	0.588125326	0.658371002	0.79498771	0.684839017	0.666942785	0.65934493	0.660223846	0.712274728	0.685692779	0.645723533	0.645299818	0.709496229	0.687976315	0.617525564	0.681541382	0.63223534	0.662945853	0.653927635	0.611247602	0.630241961	0.652568958	0.674965769	0.68720050484	0.613012099	0.582185913	0.630037505	0.600152139	0.641725911	0.615827135	0.575415758	0.632093859	0.621332204	0.629404705	0.572494048	0.613511072	0.675838046	0.663219021	0.673896471	0.665163928	0.691640902	0.634265953	0.676202937	0.681486523	0.649536747	0.573572205	0.600270825	0.630094118	0.576635184	0.656041367	0.725368292	0.618802725	0.588125326	0	0.63728626	0.785045589	0.696325564	0.68435481	0.650587576	0.670373096	0.717426406	0.666978064	0.655333191	0.653573038	0.692843923	0.631309427	0.591245262	0.655157268	0.633482961	0.616457889	0.613951291	0.609516922	0.629849123	0.624172555	0.674161162	0.67287197385	0.647431791	0.619389061	0.655396293	0.642632536	0.64461388	0.566846308	0.597946569	0.62158868	0.631488073	0.658345336	0.607450083	0.64882934	0.674792176	0.67108401	0.705068868	0.685691557	0.689651429	0.667362881	0.701546437	0.709996215	0.555112039	0.633585992	0.590966108	0.655836481	0.626547241	0.696939503	0.760036483	0.603934534	0.658371002	0.63728626	0	0.773115654	0.71129917	0.626695216	0.657455312	0.658842662	0.712381403	0.673135109	0.67323251	0.620356283	0.70746806	0.659550126	0.625264649	0.6655602	0.65389409	0.676674707	0.659887753	0.593897087	0.659629892	0.673601489	0.686283126	0.63089782810LD	0.719947467	0.723524489	0.720436073	0.696208023	0.691392017	0.749042686	0.7718578	0.780536198	0.777951539	0.729620108	0.748273601	0.767615295	0.736106434	0.743621924	0.764618001	0.71392956	0.741271089	0.719010002	0.762438917	0.720232759	0.791172996	0.775093428	0.762880964	0.783447212	0.760470078	0.762163089	0.805759432	0.805469206	0.79498771	0.785045589	0.773115654	0	0.752847122	0.78188393	0.740483458	0.741122106	0.663899257	0.728037817	0.776599789	0.744928017	0.785696333	0.745043747	0.760204372	0.688274917	0.718662125	0.749199455	0.77252649	0.769521355	0.773362603	0.770394598	0.721334265	0.69274361312LD	0.639913855	0.646528242	0.648037499	0.616123677	0.61311875	0.703177413	0.698097907	0.749829975	0.736194937	0.706701977	0.746823381	0.690053632	0.680899783	0.717821424	0.524738589	0.621035656	0.66151681	0.601685474	0.613332789	0.612562767	0.700561974	0.691535632	0.708744507	0.757407043	0.70101488	0.773805088	0.79993858	0.729925975	0.684839017	0.696325564	0.71129917	0.752847122	0	0.619370302	0.493898868	0.558263334	0.703856768	0.744576741	0.571625463	0.678146081	0.739056343	0.70443756	0.635208882	0.698623152	0.603259265	0.70334688	0.711690041	0.648968852	0.694457983	0.612625962	0.703589745	0.70575021913LD	0.618809903	0.639359733	0.644809118	0.610390763	0.644557848	0.65570047	0.644729318	0.681016654	0.692952826	0.65776101	0.701507583	0.674559916	0.64376104	0.698030184	0.623727559	0.648793187	0.657988535	0.631517126	0.646744209	0.66969952	0.643366857	0.658042303	0.651843221	0.677860786	0.67223995	0.729222	0.778934119	0.65827232	0.666942785	0.68435481	0.626695216	0.78188393	0.619370302	0	0.597030572	0.605148769	0.721978812	0.700229238	0.619059723	0.608242753	0.722774691	0.664011737	0.605142052	0.679357026	0.633904116	0.689404073	0.625647505	0.621031092	0.657019885	0.637865437	0.672486519	0.58844169214LD	0.600775634	0.623563578	0.640298538	0.580771777	0.623928484	0.664589432	0.658748021	0.688080083	0.697973833	0.682892064	0.683955643	0.649821268	0.665312167	0.692761325	0.574447364	0.589428018	0.665697	0.575217996	0.598588325	0.608515717	0.624844643	0.63260875	0.661268681	0.687698823	0.654503412	0.738774836	0.765628118	0.693806668	0.65934493	0.650587576	0.657455312	0.740483458	0.493898868	0.597030572	0	0.51494262	0.691766227	0.719239862	0.557796214	0.661771496	0.722202467	0.667645333	0.634100149	0.685691002	0.586372108	0.683734291	0.672214065	0.641067989	0.674782865	0.602320818	0.675631955	0.65661885715LD	0.67406112	0.64194055	0.669831456	0.640105014	0.649056293	0.663441605	0.64470369	0.673227183	0.689197649	0.697970693	0.684871575	0.669037922	0.665442394	0.694046386	0.632276327	0.650919773	0.665508156	0.630284461	0.65274678	0.637815334	0.656351216	0.631688696	0.652151297	0.695273579	0.654716273	0.72914042	0.770544864	0.67478458	0.660223846	0.670373096	0.658842662	0.741122106	0.558263334	0.605148769	0.51494262	0	0.691788343	0.712089353	0.585627782	0.699801429	0.726945655	0.711664312	0.665901842	0.688746367	0.611704286	0.694178587	0.688540897	0.633010972	0.692150259	0.649439899	0.677030344	0.64774626916LD	0.709239005	0.723973587	0.675678466	0.712869657	0.661413257	0.71543051	0.705067213	0.697555292	0.670592467	0.667666985	0.713219285	0.689590258	0.701856898	0.689222531	0.721865763	0.719429258	0.712321389	0.656294285	0.730633332	0.646884236	0.704382138	0.684095228	0.699304571	0.724447276	0.687190858	0.675832232	0.759106967	0.731423434	0.712274728	0.717426406	0.712381403	0.663899257	0.703856768	0.721978812	0.691766227	0.691788343	0	0.648759434	0.72399029	0.690282115	0.751341397	0.675254953	0.681553394	0.723551272	0.657803411	0.704342749	0.701691662	0.671225542	0.738407445	0.735334435	0.653230704	0.68763741117LD	0.620739665	0.675168329	0.639696192	0.636474862	0.59523903	0.688219435	0.675128361	0.632828219	0.61452122	0.706012766	0.631127366	0.649818368	0.593546493	0.633514244	0.70285757	0.638324375	0.678190309	0.655520189	0.66301836	0.684876419	0.697513149	0.64187038	0.692694356	0.639761772	0.678566069	0.746388146	0.795064697	0.707331283	0.685692779	0.666978064	0.673135109	0.728037817	0.744576741	0.700229238	0.719239862	0.712089353	0.648759434	0	0.692394138	0.604117863	0.692123333	0.628923035	0.580166755	0.626790346	0.65945039	0.682037498	0.615600742	0.661851795	0.714224772	0.711831679	0.594760215	0.62133984518LD	0.632332822	0.636588631	0.661497837	0.622705145	0.633816113	0.662484047	0.667728732	0.685789048	0.694657285	0.698235406	0.684348481	0.649161776	0.628016506	0.649170822	0.577153588	0.607394105	0.61967985	0.608356067	0.621562083	0.641535904	0.667341091	0.626714428	0.676755212	0.675119197	0.659542076	0.737725789	0.76896503	0.696511425	0.645723533	0.655333191	0.67323251	0.776599789	0.571625463	0.619059723	0.557796214	0.585627782	0.72399029	0.692394138	0	0.647617367	0.710937512	0.673202897	0.604789558	0.67258751	0.629375082	0.674087432	0.665221698	0.632851594	0.680360424	0.632543919	0.676241421	0.66241333519LD	0.546558414	0.64808934	0.571774452	0.57848384	0.591365627	0.603090007	0.641722131	0.619261137	0.57761496	0.688948155	0.621413912	0.63012071	0.550960076	0.636222509	0.59821166	0.609159875	0.612465354	0.609121151	0.593502508	0.602359518	0.596789257	0.625543474	0.657392592	0.653741716	0.665815012	0.707166886	0.786882324	0.688409556	0.645299818	0.653573038	0.620356283	0.744928017	0.678146081	0.608242753	0.661771496	0.699801429	0.690282115	0.604117863	0.647617367	0	0.667588274	0.614075695	0.531667962	0.642566738	0.580598728	0.634406453	0.607174503	0.601012896	0.638270158	0.624700819	0.599397382	0.616013691LD	0.666395048	0.672231752	0.675842491	0.686385855	0.691911798	0.702438065	0.721351894	0.705332075	0.674521866	0.759787034	0.694750579	0.701606266	0.68508621	0.716042168	0.721871757	0.718082807	0.679678191	0.735625567	0.72227584	0.702107062	0.716649524	0.698794394	0.664077691	0.701502929	0.742794049	0.784856479	0.798396255	0.706160134	0.709496229	0.692843923	0.70746806	0.785696333	0.739056343	0.722774691	0.722202467	0.726945655	0.751341397	0.692123333	0.710937512	0.667588274	0	0.700560464	0.675860186	0.710888886	0.682711267	0.638278797	0.683708276	0.686655375	0.660544703	0.718350213	0.70587696	0.72920405820LD	0.597189894	0.628811246	0.609712993	0.607647874	0.623928946	0.619583878	0.670889509	0.656280749	0.612615664	0.672552544	0.615762865	0.671477586	0.648064308	0.643197675	0.662767054	0.642869066	0.669021167	0.641855076	0.638478564	0.673492631	0.630430539	0.685988003	0.670250298	0.658227725	0.675876209	0.717285162	0.778368977	0.675188286	0.687976315	0.631309427	0.659550126	0.745043747	0.70443756	0.664011737	0.667645333	0.711664312	0.675254953	0.628923035	0.673202897	0.614075695	0.700560464	0	0.587925407	0.623287161	0.652918447	0.653819882	0.628719712	0.644483106	0.668606161	0.685105494	0.655086399	0.61222066721LD	0.525155425	0.569612254	0.532413061	0.56854037	0.503213843	0.630358027	0.64061571	0.625979971	0.612356461	0.648603142	0.592982198	0.608519232	0.595346374	0.609833761	0.618230056	0.620739367	0.6299507	0.588549862	0.583318302	0.633645412	0.620565492	0.607530981	0.657077159	0.634075949	0.639324514	0.683341634	0.746028788	0.635780739	0.617525564	0.591245262	0.625264649	0.760204372	0.635208882	0.605142052	0.634100149	0.665901842	0.681553394	0.580166755	0.604789558	0.531667962	0.675860186	0.587925407	0	0.614380557	0.587375911	0.612493548	0.551234278	0.603103943	0.631867694	0.614665755	0.64800103	0.63044593922LD	0.625598989	0.618075646	0.644049117	0.60168388	0.629688585	0.644237314	0.668119259	0.667628208	0.678398724	0.715042917	0.654651304	0.696731195	0.63009774	0.655657645	0.668915038	0.630186234	0.643701751	0.64019765	0.655211835	0.669454347	0.68229666	0.669473397	0.655250696	0.70934901	0.667740645	0.728901588	0.798205043	0.702427728	0.681541382	0.655157268	0.6655602	0.688274917	0.698623152	0.679357026	0.685691002	0.688746367	0.723551272	0.626790346	0.67258751	0.642566738	0.710888886	0.623287161	0.614380557	0	0.679818034	0.665038119	0.665743885	0.662067735	0.664448674	0.682757098	0.641140267	0.61563027523LD	0.594157791	0.636208529	0.656293884	0.586301195	0.536045854	0.630606223	0.635182223	0.677625156	0.650073565	0.665007184	0.648524648	0.630701231	0.635733521	0.646990221	0.612329403	0.63183061	0.628730243	0.568093699	0.627127079	0.579962986	0.654217608	0.633341816	0.656292866	0.668292998	0.63385036	0.67970513	0.737757175	0.692611674	0.63223534	0.633482961	0.65389409	0.718662125	0.603259265	0.633904116	0.586372108	0.611704286	0.657803411	0.65945039	0.629375082	0.580598728	0.682711267	0.652918447	0.587375911	0.679818034	0	0.645888793	0.655057144	0.616172749	0.644788973	0.617740516	0.643118671	0.6585038542LD	0.635160737	0.623579163	0.63174988	0.60305274	0.641517157	0.647160669	0.66062929	0.672940288	0.650984154	0.692687763	0.640705891	0.63672873	0.644838943	0.704590997	0.689188181	0.687708445	0.6495852	0.661093382	0.680069539	0.637809923	0.647083293	0.623096943	0.651557191	0.656144424	0.626630572	0.710810784	0.771532787	0.668640591	0.662945853	0.616457889	0.676674707	0.749199455	0.70334688	0.689404073	0.683734291	0.694178587	0.704342749	0.682037498	0.674087432	0.634406453	0.638278797	0.653819882	0.612493548	0.665038119	0.645888793	0	0.601542242	0.641200101	0.643101192	0.662820526	0.652943609	0.6887640463LD	0.610159613	0.58258821	0.624004489	0.605435179	0.620620309	0.623814287	0.616503029	0.618460239	0.596441346	0.657641568	0.608527481	0.600702767	0.626667347	0.650196742	0.683938109	0.659126818	0.651984011	0.629524403	0.662394847	0.64565634	0.649876016	0.607547487	0.654156629	0.610476562	0.663728086	0.715527606	0.749930476	0.642154739	0.653927635	0.613951291	0.659887753	0.77252649	0.711690041	0.625647505	0.672214065	0.688540897	0.701691662	0.615600742	0.665221698	0.607174503	0.683708276	0.628719712	0.551234278	0.665743885	0.655057144	0.601542242	0	0.588570251	0.639423742	0.671459086	0.622070043	0.6504134034LD	0.604630084	0.549744425	0.560588609	0.611431604	0.594148432	0.604827382	0.597274822	0.653412806	0.663471123	0.654482757	0.619076219	0.609469813	0.658653807	0.660672105	0.639552965	0.655569619	0.662023105	0.641132706	0.642512897	0.669224663	0.553386291	0.609467239	0.608433212	0.647116808	0.636059713	0.67132736	0.730356625	0.619444735	0.611247602	0.609516922	0.593897087	0.769521355	0.648968852	0.621031092	0.641067989	0.633010972	0.671225542	0.661851795	0.632851594	0.601012896	0.686655375	0.644483106	0.603103943	0.662067735	0.616172749	0.641200101	0.588570251	0	0.566453238	0.595075067	0.620545509	0.6018739766LD	0.616883468	0.624429916	0.632182044	0.636397736	0.655322768	0.630709549	0.657790923	0.684626125	0.686480195	0.67884156	0.656578758	0.633777461	0.667123204	0.673577768	0.669605422	0.679956741	0.672832977	0.647632004	0.667032501	0.696598183	0.639139227	0.645227873	0.651144523	0.692954989	0.64618392	0.673802508	0.715226565	0.65154876	0.630241961	0.629849123	0.659629892	0.773362603	0.694457983	0.657019885	0.674782865	0.692150259	0.738407445	0.714224772	0.680360424	0.638270158	0.660544703	0.668606161	0.631867694	0.664448674	0.644788973	0.643101192	0.639423742	0.566453238	0	0.623233861	0.675101866	0.6655631087LD	0.614854085	0.649052027	0.62558397	0.614015237	0.666257445	0.664208767	0.657751424	0.711094225	0.699628043	0.689441032	0.71427001	0.665493829	0.660690336	0.680398691	0.576614888	0.612143368	0.667152411	0.619614179	0.606814827	0.642217772	0.660100729	0.628949429	0.67151662	0.713899008	0.662406556	0.683894426	0.749747373	0.666958879	0.652568958	0.624172555	0.673601489	0.770394598	0.612625962	0.637865437	0.602320818	0.649439899	0.735334435	0.711831679	0.632543919	0.624700819	0.718350213	0.685105494	0.614665755	0.682757098	0.617740516	0.662820526	0.671459086	0.595075067	0.623233861	0	0.69907978	0.6790130428LD	0.636531195	0.678615473	0.653696559	0.621247263	0.629342824	0.649930623	0.643063438	0.6307895	0.603775338	0.718007754	0.634562616	0.65326364	0.646518919	0.660543127	0.682972089	0.661394309	0.642494544	0.650905815	0.655342496	0.652212491	0.6622372	0.636138456	0.683802537	0.669065563	0.684471088	0.751566896	0.808827449	0.717442821	0.674965769	0.674161162	0.686283126	0.721334265	0.703589745	0.672486519	0.675631955	0.677030344	0.653230704	0.594760215	0.676241421	0.599397382	0.70587696	0.655086399	0.64800103	0.641140267	0.643118671	0.652943609	0.622070043	0.620545509	0.675101866	0.69907978	0	0.6189376589LD	0.601729024	0.619543858	0.617712929	0.608948662	0.61407939	0.62801208	0.656551546	0.680668233	0.687673959	0.678030457	0.667233499	0.66618755	0.645597793	0.666563721	0.665711001	0.631161716	0.674211705	0.646224545	0.646340952	0.675309038	0.613239058	0.661143572	0.651321158	0.691224303	0.665662434	0.746942137	0.807994726	0.668138692	0.687200504	0.672871973	0.630897828	0.692743613	0.705750219	0.588441692	0.656618857	0.647746269	0.687637411	0.621339845	0.662413335	0.61601369	0.729204058	0.612220667	0.630445939	0.615630275	0.658503854	0.688764046	0.650413403	0.601873976	0.665563108	0.679013042	0.618937658	0