	1	2	3	4	5	6	7	8	9	10	11	12	13	14	15	16	17	18	19	20	21	22	23	24	25	26	27	28	29	30	31	32	33	34	35	36	37	38	39	40	41	42	43	44	45	46	47	48	49	50	51	52	53	54	55	56	57	58	59	60	61	62	631	0	0.640734942	0.663508349	0.597092394	0.687409875	0.696173413	0.627122447	0.71936671	0.611317903	0.738177403	0.685362528	0.600018408	0.68002268	0.718167171	0.712067041	0.682430753	0.625966386	0.577715955	0.674030985	0.6578349	0.681127928	0.674354613	0.699224757	0.622739242	0.638113487	0.663108096	0.619434907	0.686564418	0.660537531	0.655843425	0.628985296	0.596290681	0.613369406	0.610627968	0.690788156	0.657798813	0.665256159	0.648350435	0.616596262	0.644131775	0.733505591	0.695741634	0.718780328	0.7218418	0.601654958	0.6647914	0.635841275	0.708132722	0.710521591	0.727384478	0.740427854	0.765552275	0.746009793	0.755082449	0.747057499	0.612308996	0.616286502	0.695934176	0.702688634	0.750042578	0.631138304	0.710456239	0.7289834422	0.640734942	0	0.606683196	0.626162266	0.756533044	0.717532696	0.66091241	0.760786863	0.611904662	0.78131638	0.683704555	0.631217515	0.715544761	0.771440581	0.721407633	0.752551759	0.594067182	0.646452393	0.593120785	0.552044205	0.546138372	0.547859134	0.623108587	0.631111811	0.562550336	0.678761835	0.696899696	0.755179123	0.70791005	0.750795976	0.667754879	0.621192626	0.700391165	0.605791453	0.746886465	0.651550325	0.572060852	0.540688411	0.672848998	0.683012202	0.775757167	0.742320577	0.792332395	0.757703744	0.66519206	0.701800964	0.638106905	0.781168273	0.754612686	0.766416369	0.800454131	0.79358331	0.75384664	0.798242306	0.791099554	0.711266475	0.694250442	0.765788584	0.723508791	0.802657715	0.727138739	0.786795392	0.8034701543	0.663508349	0.606683196	0	0.657395818	0.676473378	0.66915392	0.61154513	0.699869981	0.677340647	0.716497598	0.659964264	0.661525841	0.621841731	0.703115749	0.692180856	0.693594776	0.662200311	0.699046969	0.579110997	0.528980844	0.665753046	0.618259664	0.54441937	0.647717256	0.612808162	0.656675818	0.662459593	0.681652782	0.617340074	0.671741014	0.641753675	0.685362897	0.702176958	0.653320293	0.687949604	0.668050581	0.606498893	0.639711042	0.691298556	0.718299635	0.692095132	0.653300138	0.738108941	0.710328248	0.641123845	0.627786739	0.587066799	0.712002817	0.672801687	0.720946442	0.746701634	0.75004108	0.684809792	0.755243645	0.73284616	0.686788651	0.679190324	0.712684918	0.650677703	0.757474622	0.663453456	0.69308276	0.7429901124	0.597092394	0.626162266	0.657395818	0	0.732175277	0.719631069	0.605400882	0.743808255	0.562202451	0.762952203	0.686496385	0.644645135	0.670192261	0.762481581	0.731207658	0.7320233	0.550757916	0.633278988	0.661258413	0.625684048	0.62542155	0.620543238	0.692836818	0.651898976	0.643464542	0.645018303	0.668994677	0.705007017	0.652890282	0.717132242	0.663927154	0.595451767	0.661930247	0.556685463	0.736944963	0.620800014	0.661102339	0.631006748	0.662335664	0.643409195	0.758552268	0.714460919	0.773193992	0.75490755	0.609388486	0.679109266	0.623852311	0.750192879	0.736835102	0.767663453	0.792398705	0.817590164	0.774311826	0.791654555	0.78491396	0.68335631	0.649234293	0.727854033	0.701009106	0.795870745	0.697001511	0.748157778	0.7815405095	0.687409875	0.756533044	0.676473378	0.732175277	0	0.568333504	0.654257542	0.570364579	0.712971965	0.606051062	0.633955844	0.663465732	0.656567205	0.558074279	0.624320209	0.559843536	0.736065876	0.716916699	0.706715652	0.716104014	0.78169112	0.757453997	0.692572607	0.687526592	0.732735563	0.663139528	0.665117556	0.598925089	0.612920237	0.607520926	0.696223196	0.736178557	0.677738234	0.723914355	0.520492702	0.687504923	0.71780102	0.75648757	0.677755834	0.735329364	0.565889376	0.551292395	0.578619386	0.541823938	0.680324675	0.567628613	0.655011318	0.524172772	0.583755305	0.609889329	0.620302603	0.664247637	0.61088944	0.628512953	0.623906396	0.676870811	0.681285551	0.610494272	0.564645077	0.64978017	0.615731729	0.607506189	0.6681067866	0.696173413	0.717532696	0.66915392	0.719631069	0.568333504	0	0.628775531	0.612025008	0.697766096	0.595614775	0.620866183	0.678717562	0.638263001	0.610796657	0.636594946	0.597564379	0.690722162	0.718113362	0.653204715	0.689155748	0.759800311	0.712635027	0.681546187	0.686674752	0.709174254	0.625268308	0.665662185	0.563034339	0.596040141	0.649670723	0.67505475	0.72039137	0.685134262	0.694914167	0.599601288	0.657588968	0.695060645	0.742116463	0.668162279	0.729943526	0.602153278	0.558591987	0.634153617	0.599568725	0.678761357	0.579854146	0.634702957	0.575749146	0.630778484	0.64858622	0.648212936	0.688109546	0.61729194	0.659851382	0.640673828	0.680535724	0.70354344	0.625081763	0.528592156	0.69318211	0.637541155	0.620894278	0.7091955937	0.627122447	0.66091241	0.61154513	0.605400882	0.654257542	0.628775531	0	0.667783606	0.587866381	0.677986797	0.636235155	0.63230065	0.602101073	0.701802923	0.699210595	0.682890906	0.615678518	0.668732136	0.632212355	0.613635872	0.688100989	0.637117435	0.638282847	0.64336896	0.662747924	0.609516564	0.632542212	0.608369708	0.563888281	0.652652154	0.65206433	0.661803025	0.656566853	0.610188091	0.659757893	0.59780116	0.67522073	0.681016131	0.633018413	0.684471856	0.686904112	0.637790691	0.713514448	0.681885534	0.608467128	0.626878808	0.570186119	0.665657032	0.69098828	0.72217136	0.749487946	0.765413627	0.711127914	0.752075358	0.730902475	0.664284244	0.652644484	0.641405507	0.637557938	0.747984133	0.631900219	0.664555948	0.7302564238	0.71936671	0.760786863	0.699869981	0.743808255	0.570364579	0.612025008	0.667783606	0	0.731502434	0.586359175	0.668030964	0.709442632	0.696456874	0.583781663	0.639669259	0.613848965	0.747385986	0.738080017	0.745196382	0.74501075	0.792920076	0.780705247	0.717841716	0.727797203	0.756696369	0.692943398	0.701167572	0.637120953	0.6671994	0.663664223	0.729621987	0.744622882	0.728384586	0.741114049	0.611770397	0.718411497	0.743698949	0.774346606	0.695098791	0.751231297	0.591156799	0.535919987	0.592624885	0.585840393	0.704729312	0.631800064	0.698097724	0.596977358	0.620468625	0.619882122	0.638737048	0.655037637	0.613225372	0.631359685	0.587761928	0.715119025	0.709081701	0.644969541	0.578893568	0.660210695	0.653747782	0.651744166	0.7180708199	0.611317903	0.611904662	0.677340647	0.562202451	0.712971965	0.697766096	0.587866381	0.731502434	0	0.763966781	0.669069876	0.631412033	0.649757982	0.748823844	0.726787727	0.719895555	0.560901839	0.61763223	0.643071292	0.619828809	0.611633035	0.613408806	0.67639751	0.645376898	0.64427228	0.652814242	0.694266386	0.70702014	0.644793467	0.717407144	0.655497292	0.611239294	0.653982977	0.55699284	0.717325319	0.605278925	0.66807289	0.623407289	0.650821802	0.640815992	0.745111678	0.714371707	0.774564535	0.732144981	0.598676907	0.674414591	0.638833951	0.734059669	0.729080353	0.754081482	0.780391127	0.801836489	0.768886294	0.78810644	0.777295647	0.694686007	0.660446391	0.729188555	0.695752535	0.787476125	0.694983258	0.733944508	0.78748758110	0.738177403	0.78131638	0.716497598	0.762952203	0.606051062	0.595614775	0.677986797	0.586359175	0.763966781	0	0.665648563	0.74326622	0.706911828	0.598596054	0.630575697	0.632728417	0.773172355	0.760826338	0.751153062	0.769281942	0.809772479	0.79673263	0.75088515	0.754179618	0.77010333	0.698492727	0.70953471	0.623452435	0.683393871	0.678973005	0.747162105	0.765478432	0.721100404	0.766090189	0.596858801	0.736605703	0.756301728	0.792352229	0.689877411	0.762331425	0.595054686	0.545958224	0.563019033	0.589724757	0.719180293	0.618885516	0.710891339	0.555511166	0.63185728	0.604025804	0.620221967	0.637613774	0.600315785	0.623348994	0.582691933	0.734187203	0.720946868	0.61271555	0.620588321	0.620950113	0.625688963	0.590460686	0.6737860611	0.685362528	0.683704555	0.659964264	0.686496385	0.633955844	0.620866183	0.636235155	0.668030964	0.669069876	0.665648563	0	0.663233446	0.690361516	0.667786431	0.634022841	0.647402612	0.692128542	0.685335832	0.666700188	0.682223413	0.716466545	0.708506632	0.690900539	0.679000941	0.691029518	0.636192151	0.672848738	0.6353874	0.641882066	0.668124629	0.651799876	0.674923031	0.679855768	0.689269908	0.643540745	0.656462285	0.665755638	0.704821328	0.65189285	0.705116528	0.674410192	0.621368688	0.663595095	0.649792369	0.674746889	0.609952268	0.619054446	0.638885503	0.667852539	0.675256945	0.68455979	0.720698057	0.663544088	0.717678914	0.671266835	0.689557378	0.678766275	0.614512102	0.622261909	0.708208776	0.632566577	0.645110285	0.68861697612	0.600018408	0.631217515	0.661525841	0.644645135	0.663465732	0.678717562	0.63230065	0.709442632	0.631412033	0.74326622	0.663233446	0	0.657902845	0.710783731	0.682229082	0.689694795	0.636812332	0.618669357	0.648131247	0.645854645	0.680448956	0.654028575	0.669282717	0.605265482	0.647986324	0.630466254	0.567665166	0.680000991	0.633480635	0.631500437	0.590001583	0.596347947	0.613801804	0.623774252	0.66040378	0.638666594	0.635715246	0.632715722	0.630244838	0.645459204	0.721803536	0.701665922	0.726958952	0.689296295	0.610038438	0.640757458	0.601975173	0.700355331	0.708180239	0.708399484	0.747164861	0.766306719	0.723846044	0.743756183	0.742866141	0.611612618	0.629731209	0.708282479	0.676879027	0.750253404	0.625110948	0.706152265	0.71872137213	0.68002268	0.715544761	0.621841731	0.670192261	0.656567205	0.638263001	0.602101073	0.696456874	0.649757982	0.706911828	0.690361516	0.657902845	0	0.708645492	0.718886378	0.695099246	0.657020281	0.719111653	0.612767862	0.643929802	0.722907997	0.668896668	0.641248184	0.656041857	0.701067226	0.560651942	0.640816023	0.624847718	0.531572604	0.637071264	0.644261622	0.70487059	0.679887971	0.657017127	0.66945308	0.574129395	0.682002297	0.705499328	0.69964985	0.728066497	0.692242976	0.673137823	0.723199279	0.694584576	0.653389056	0.641122108	0.542785658	0.696344682	0.706497792	0.748406587	0.754227387	0.772115156	0.714885868	0.761600526	0.743153745	0.665261602	0.685021482	0.681351901	0.647114894	0.76045372	0.654800344	0.664486146	0.73292898114	0.718167171	0.771440581	0.703115749	0.762481581	0.558074279	0.610796657	0.701802923	0.583781663	0.748823844	0.598596054	0.667786431	0.710783731	0.708645492	0	0.512335666	0.580744732	0.760879723	0.742564758	0.732221254	0.75736491	0.802069809	0.790644	0.722980058	0.717740526	0.753891336	0.699979883	0.693290284	0.64341282	0.679879742	0.65203044	0.725711075	0.752956034	0.715992314	0.749303968	0.586037467	0.733159126	0.735991832	0.780502474	0.70652299	0.757992935	0.528840554	0.566227218	0.560426796	0.531928921	0.713585254	0.599120665	0.692448105	0.580769681	0.542371608	0.60324583	0.579140042	0.593868972	0.522506293	0.549323137	0.571406777	0.725967382	0.714515748	0.637330532	0.587809752	0.586602493	0.658778516	0.644825018	0.71093273315	0.712067041	0.721407633	0.692180856	0.731207658	0.624320209	0.636594946	0.699210595	0.639669259	0.726787727	0.630575697	0.634022841	0.682229082	0.718886378	0.512335666	0	0.587335488	0.738919377	0.725177872	0.713509615	0.726171221	0.75572766	0.758069171	0.711823425	0.689621407	0.721828683	0.691385878	0.685757754	0.663731503	0.685573554	0.676535622	0.700227178	0.70234084	0.692124758	0.725119135	0.621397796	0.696858963	0.708571407	0.74067119	0.67822869	0.722869261	0.578411612	0.603526632	0.611885539	0.57452116	0.697865418	0.593389818	0.671323438	0.616883073	0.552667499	0.593062691	0.59409678	0.614201905	0.554503402	0.572072399	0.58030935	0.703003748	0.70575139	0.659456989	0.604669227	0.563867941	0.667984308	0.661646783	0.71274219316	0.682430753	0.752551759	0.693594776	0.7320233	0.559843536	0.597564379	0.682890906	0.613848965	0.719895555	0.632728417	0.647402612	0.689694795	0.695099246	0.580744732	0.587335488	0	0.744822207	0.702937499	0.708609497	0.733564618	0.788262958	0.761570779	0.708445974	0.668845491	0.73399408	0.683551939	0.684595429	0.62240398	0.654914636	0.637185019	0.6927613	0.72814991	0.669713012	0.732435713	0.57886912	0.707789831	0.725597534	0.746214315	0.668715682	0.715848188	0.609114358	0.597393886	0.605821997	0.564448352	0.686032358	0.586696617	0.692924819	0.571090933	0.52200957	0.602614734	0.55901278	0.608397228	0.618961608	0.59257423	0.628326275	0.676502046	0.675247092	0.656487492	0.61540161	0.583173704	0.620990958	0.624599467	0.66890091817	0.625966386	0.594067182	0.662200311	0.550757916	0.736065876	0.690722162	0.615678518	0.747385986	0.560901839	0.773172355	0.692128542	0.636812332	0.657020281	0.760879723	0.738919377	0.744822207	0	0.6344955	0.618477748	0.605991461	0.602847724	0.596770111	0.676337397	0.658827005	0.619594507	0.632487942	0.696857438	0.71681648	0.663640385	0.741247938	0.674286814	0.612427872	0.686830527	0.546871936	0.737864602	0.599963968	0.639927422	0.617860955	0.674382437	0.656060721	0.760534029	0.727266976	0.781208371	0.747443687	0.61886592	0.688033818	0.608718153	0.764337897	0.756613023	0.76566019	0.801861553	0.812580753	0.767668217	0.801374921	0.785896989	0.704452234	0.667397669	0.738026668	0.69937783	0.801059059	0.719419631	0.761421564	0.80141577418	0.577715955	0.646452393	0.699046969	0.633278988	0.716916699	0.718113362	0.668732136	0.738080017	0.61763223	0.760826338	0.685335832	0.618669357	0.719111653	0.742564758	0.725177872	0.702937499	0.6344955	0	0.704755804	0.676375681	0.67912942	0.694631026	0.707598009	0.651777642	0.642614473	0.689441202	0.636059843	0.717747695	0.694609876	0.665971315	0.618988731	0.571687253	0.60574716	0.633076514	0.705933206	0.687398973	0.639383851	0.655794776	0.614548301	0.571116702	0.765882872	0.733578205	0.74739498	0.739093698	0.592413213	0.682735492	0.687657767	0.734451251	0.721379747	0.733184425	0.764781158	0.781376121	0.764070304	0.760999542	0.759838149	0.612890879	0.579579442	0.718949106	0.729412193	0.763530481	0.642934504	0.740028524	0.73633223119	0.674030985	0.593120785	0.579110997	0.661258413	0.706715652	0.653204715	0.632212355	0.745196382	0.643071292	0.751153062	0.666700188	0.648131247	0.612767862	0.732221254	0.713509615	0.708609497	0.618477748	0.704755804	0	0.543025006	0.632305643	0.557420738	0.59999573	0.641709881	0.596237614	0.639236628	0.693417339	0.693141146	0.619776133	0.721198369	0.637056393	0.688131749	0.703918473	0.617186574	0.726748944	0.615431202	0.621609205	0.631643541	0.699972623	0.730234932	0.730198372	0.694045593	0.774384104	0.695170697	0.674428879	0.663210825	0.58370566	0.745688269	0.724191719	0.753176241	0.777626189	0.770557192	0.723300524	0.783646358	0.759627287	0.700253618	0.693105257	0.719512868	0.646636359	0.776707608	0.706192928	0.731469194	0.7832511520	0.6578349	0.552044205	0.528980844	0.625684048	0.716104014	0.689155748	0.613635872	0.74501075	0.619828809	0.769281942	0.682223413	0.645854645	0.643929802	0.75736491	0.726171221	0.733564618	0.605991461	0.676375681	0.543025006	0	0.572311534	0.547353069	0.565791384	0.600217704	0.572388261	0.636906102	0.680295772	0.713244028	0.643614326	0.727233611	0.643334883	0.655804478	0.695072117	0.607573935	0.72583088	0.600188546	0.578629229	0.571376693	0.700778833	0.703274258	0.736910196	0.709323099	0.786293263	0.732672035	0.615801173	0.677267466	0.605251671	0.756554531	0.733035018	0.765428324	0.788666607	0.792786303	0.737311843	0.799365659	0.771704526	0.703546047	0.686043048	0.723283223	0.687895699	0.795522368	0.716848488	0.743919592	0.78914069521	0.681127928	0.546138372	0.665753046	0.62542155	0.78169112	0.759800311	0.688100989	0.792920076	0.611633035	0.809772479	0.716466545	0.680448956	0.722907997	0.802069809	0.75572766	0.788262958	0.602847724	0.67912942	0.632305643	0.572311534	0	0.525352834	0.675562269	0.659059054	0.601358135	0.687222008	0.751373058	0.795284521	0.734947578	0.791280489	0.706783298	0.664485698	0.730581101	0.587436119	0.782894812	0.659067853	0.622716095	0.534718165	0.714955448	0.680823135	0.790763503	0.764742586	0.817265486	0.779746377	0.664176863	0.736761195	0.67280865	0.811546168	0.780508847	0.78356222	0.825932413	0.823346231	0.778736557	0.82922363	0.812898878	0.743690093	0.713040141	0.793081906	0.74654195	0.824430865	0.75985621	0.812028816	0.83376208922	0.674354613	0.547859134	0.618259664	0.620543238	0.757453997	0.712635027	0.637117435	0.780705247	0.613408806	0.79673263	0.708506632	0.654028575	0.668896668	0.790644	0.758069171	0.761570779	0.596770111	0.694631026	0.557420738	0.547353069	0.525352834	0	0.635171222	0.648397563	0.597544068	0.671750543	0.722443215	0.740699012	0.688167848	0.758649504	0.68135445	0.686290283	0.727422762	0.582790427	0.762915901	0.629799134	0.595192515	0.564166122	0.711487598	0.700271284	0.783880662	0.75258526	0.810646719	0.767908798	0.674493616	0.722899515	0.635669351	0.791973337	0.771895121	0.789684938	0.812359725	0.818911863	0.775438463	0.824408666	0.810719847	0.737315522	0.71386493	0.780454266	0.71966943	0.822917354	0.739534503	0.779851475	0.82005632923	0.699224757	0.623108587	0.54441937	0.692836818	0.692572607	0.681546187	0.638282847	0.717841716	0.67639751	0.75088515	0.690900539	0.669282717	0.641248184	0.722980058	0.711823425	0.708445974	0.676337397	0.707598009	0.59999573	0.565791384	0.675562269	0.635171222	0	0.62469279	0.632402021	0.674817124	0.682404292	0.6962404	0.661351773	0.69056704	0.652450402	0.688276301	0.691422693	0.690667211	0.702349977	0.677180639	0.612093051	0.657546843	0.708460241	0.734143601	0.725982974	0.679273644	0.760346618	0.714198127	0.645281655	0.670812903	0.629036528	0.731388146	0.697661584	0.740754216	0.759626837	0.766552983	0.704189119	0.766479064	0.751136279	0.684848984	0.682472002	0.722386827	0.67484547	0.77131863	0.702747526	0.70697153	0.75187335924	0.622739242	0.631111811	0.647717256	0.651898976	0.687526592	0.686674752	0.64336896	0.727797203	0.645376898	0.754179618	0.679000941	0.605265482	0.656041857	0.717740526	0.689621407	0.668845491	0.658827005	0.651777642	0.641709881	0.600217704	0.659059054	0.648397563	0.62469279	0	0.627300587	0.649473494	0.640956693	0.689561872	0.641083089	0.661247431	0.620226566	0.623480123	0.623092942	0.619879976	0.66470858	0.648020706	0.62308443	0.636132011	0.64272135	0.656750542	0.736419233	0.701583921	0.734440111	0.711259931	0.624845007	0.653434002	0.643156489	0.70542707	0.674573153	0.720096098	0.737418608	0.769577053	0.711690204	0.74749489	0.753026288	0.644065674	0.625560604	0.710627424	0.681355863	0.745703729	0.646909823	0.710903694	0.73995549625	0.638113487	0.562550336	0.612808162	0.643464542	0.732735563	0.709174254	0.662747924	0.756696369	0.64427228	0.77010333	0.691029518	0.647986324	0.701067226	0.753891336	0.721828683	0.73399408	0.619594507	0.642614473	0.596237614	0.572388261	0.601358135	0.597544068	0.632402021	0.627300587	0	0.669540179	0.677222317	0.744025253	0.676786022	0.722480507	0.62794478	0.616965138	0.662733734	0.610426259	0.72919143	0.674759546	0.538782197	0.57971872	0.684221971	0.650910301	0.756270689	0.729120843	0.775068206	0.749717143	0.660160665	0.68659389	0.645473517	0.763978664	0.732989386	0.746247725	0.775155105	0.786882688	0.732272122	0.788028969	0.78105173	0.659528871	0.645770278	0.747474038	0.729340311	0.781832134	0.701169356	0.775592136	0.77448047126	0.663108096	0.678761835	0.656675818	0.645018303	0.663139528	0.625268308	0.609516564	0.692943398	0.652814242	0.698492727	0.636192151	0.630466254	0.560651942	0.699979883	0.691385878	0.683551939	0.632487942	0.689441202	0.639236628	0.636906102	0.687222008	0.671750543	0.674817124	0.649473494	0.669540179	0	0.632832699	0.634153921	0.566454384	0.644775256	0.630510032	0.685115918	0.670922478	0.640135056	0.664073529	0.588875811	0.647555869	0.686224273	0.681415251	0.703666352	0.689857791	0.664289234	0.717089812	0.687200549	0.644989162	0.62801664	0.563553719	0.694932769	0.708245194	0.70772366	0.727766223	0.744089132	0.704512755	0.742353916	0.724522045	0.667569359	0.657990775	0.658079659	0.643102315	0.746427855	0.657520826	0.66162456	0.72733938927	0.619434907	0.696899696	0.662459593	0.668994677	0.665117556	0.665662185	0.632542212	0.701167572	0.694266386	0.70953471	0.672848738	0.567665166	0.640816023	0.693290284	0.685757754	0.684595429	0.696857438	0.636059843	0.693417339	0.680295772	0.751373058	0.722443215	0.682404292	0.640956693	0.677222317	0.632832699	0	0.643745839	0.597494854	0.540425656	0.580406107	0.632678195	0.616462235	0.678439054	0.614988023	0.646091815	0.660172488	0.705498943	0.600097467	0.668293184	0.71803565	0.681213723	0.700697931	0.695503841	0.625608663	0.632660644	0.625140503	0.680673932	0.690901063	0.697686456	0.713487321	0.750563406	0.703790496	0.723503223	0.721580457	0.567471684	0.60233597	0.65872368	0.667735182	0.731069857	0.581657736	0.666803623	0.65214671928	0.686564418	0.755179123	0.681652782	0.705007017	0.598925089	0.563034339	0.608369708	0.637120953	0.70702014	0.623452435	0.6353874	0.680000991	0.624847718	0.64341282	0.663731503	0.62240398	0.71681648	0.717747695	0.693141146	0.713244028	0.795284521	0.740699012	0.6962404	0.689561872	0.744025253	0.634153921	0.643745839	0	0.568774998	0.614605976	0.698149505	0.724358822	0.681571312	0.705494094	0.585515783	0.656872541	0.744362557	0.765827863	0.687173418	0.722314185	0.641953261	0.609670238	0.639234526	0.619242437	0.67236338	0.582900488	0.620423654	0.574978892	0.647486344	0.665098021	0.669152774	0.704151015	0.664216113	0.68955692	0.663235095	0.676069456	0.693448351	0.580081531	0.608466352	0.688624657	0.601305916	0.547363255	0.66061788329	0.660537531	0.70791005	0.617340074	0.652890282	0.612920237	0.596040141	0.563888281	0.6671994	0.644793467	0.683393871	0.641882066	0.633480635	0.531572604	0.679879742	0.685573554	0.654914636	0.663640385	0.694609876	0.619776133	0.643614326	0.734947578	0.688167848	0.661351773	0.641083089	0.676786022	0.566454384	0.597494854	0.568774998	0	0.595311827	0.638797666	0.699921071	0.655612624	0.650665414	0.620533226	0.573372845	0.681456704	0.705545278	0.67788488	0.714544721	0.659938421	0.623414555	0.701467106	0.649187726	0.641122693	0.607685594	0.525380151	0.640351697	0.673716369	0.723346451	0.720694205	0.754291084	0.687715447	0.726864056	0.722712787	0.638424095	0.664690774	0.631973596	0.605457443	0.741988026	0.623217318	0.626984258	0.71224873730	0.655843425	0.750795976	0.671741014	0.717132242	0.607520926	0.649670723	0.652652154	0.663664223	0.717407144	0.678973005	0.668124629	0.631500437	0.637071264	0.65203044	0.676535622	0.637185019	0.741247938	0.665971315	0.721198369	0.727233611	0.791280489	0.758649504	0.69056704	0.661247431	0.722480507	0.644775256	0.540425656	0.614605976	0.595311827	0	0.619516534	0.686903404	0.637795919	0.724082767	0.569478362	0.68392134	0.694015404	0.760179677	0.637786144	0.696984575	0.677643696	0.665642956	0.652396906	0.67216035	0.647329751	0.619690238	0.646080659	0.610189142	0.657354959	0.654508374	0.652673591	0.712100402	0.662794844	0.676373847	0.689139696	0.567809992	0.623498686	0.637994779	0.665582276	0.686388389	0.566547597	0.618118397	0.60011347831	0.628985296	0.667754879	0.641753675	0.663927154	0.696223196	0.67505475	0.65206433	0.729621987	0.655497292	0.747162105	0.651799876	0.590001583	0.644261622	0.725711075	0.700227178	0.6927613	0.674286814	0.618988731	0.637056393	0.643334883	0.706783298	0.68135445	0.652450402	0.620226566	0.62794478	0.630510032	0.580406107	0.698149505	0.638797666	0.619516534	0	0.621149086	0.608354355	0.665285777	0.666011958	0.662313616	0.633115471	0.67172682	0.63025983	0.641127936	0.735912315	0.702216931	0.732167197	0.718574266	0.642416905	0.647260824	0.632225203	0.720563285	0.707030752	0.726666474	0.746735379	0.760608453	0.734108631	0.759607549	0.745475581	0.566729382	0.6182758	0.712336584	0.700203061	0.755360845	0.643647727	0.710276884	0.69816058132	0.596290681	0.621192626	0.685362897	0.595451767	0.736178557	0.72039137	0.661803025	0.744622882	0.611239294	0.765478432	0.674923031	0.596347947	0.70487059	0.752956034	0.70234084	0.72814991	0.612427872	0.571687253	0.688131749	0.655804478	0.664485698	0.686290283	0.688276301	0.623480123	0.616965138	0.685115918	0.632678195	0.724358822	0.699921071	0.686903404	0.621149086	0	0.593803774	0.595519439	0.703920819	0.681261602	0.623791568	0.625861168	0.637336833	0.563731022	0.759790534	0.736625594	0.758886987	0.743791413	0.6153684	0.676010944	0.648102423	0.733474325	0.745215611	0.746257989	0.775722516	0.797662991	0.753550045	0.777247306	0.769807215	0.630393686	0.604873113	0.726369916	0.729802728	0.778419923	0.663863664	0.747481988	0.74568505433	0.613369406	0.700391165	0.702176958	0.661930247	0.677738234	0.685134262	0.656566853	0.728384586	0.653982977	0.721100404	0.679855768	0.613801804	0.679887971	0.715992314	0.692124758	0.669713012	0.686830527	0.60574716	0.703918473	0.695072117	0.730581101	0.727422762	0.691422693	0.623092942	0.662733734	0.670922478	0.616462235	0.681571312	0.655612624	0.637795919	0.608354355	0.593803774	0	0.653605695	0.651549227	0.688404942	0.658375952	0.689532316	0.622130021	0.595263429	0.725207256	0.703766774	0.718771536	0.71593352	0.634400955	0.639661184	0.665937513	0.681483109	0.701084811	0.717114552	0.736258395	0.757524439	0.736079392	0.739609068	0.74823543	0.605298542	0.573962372	0.699338327	0.723326138	0.726277819	0.599769015	0.688212323	0.69406315234	0.610627968	0.605791453	0.653320293	0.556685463	0.723914355	0.694914167	0.610188091	0.741114049	0.55699284	0.766090189	0.689269908	0.623774252	0.657017127	0.749303968	0.725119135	0.732435713	0.546871936	0.633076514	0.617186574	0.607573935	0.587436119	0.582790427	0.690667211	0.619879976	0.610426259	0.640135056	0.678439054	0.705494094	0.650665414	0.724082767	0.665285777	0.595519439	0.653605695	0	0.720124638	0.608001291	0.656551714	0.600515393	0.641992187	0.623202944	0.746852664	0.711500141	0.763395023	0.738428404	0.622476179	0.660623549	0.615289173	0.749037568	0.737426058	0.746303948	0.782066735	0.797308208	0.758545006	0.784756849	0.777157807	0.679672783	0.629284476	0.727842551	0.685312754	0.787753236	0.689338794	0.753475527	0.78823585335	0.690788156	0.746886465	0.687949604	0.736944963	0.520492702	0.599601288	0.659757893	0.611770397	0.717325319	0.596858801	0.643540745	0.66040378	0.66945308	0.586037467	0.621397796	0.57886912	0.737864602	0.705933206	0.726748944	0.72583088	0.782894812	0.762915901	0.702349977	0.66470858	0.72919143	0.664073529	0.614988023	0.585515783	0.620533226	0.569478362	0.666011958	0.703920819	0.651549227	0.720124638	0	0.689058006	0.701944202	0.756518418	0.668080785	0.707678402	0.595476614	0.597336347	0.55610789	0.586477981	0.669050111	0.55829293	0.648088597	0.533478717	0.592641634	0.582477321	0.607879838	0.677863194	0.583795077	0.607084396	0.615562365	0.65141232	0.652008075	0.6088404	0.606827376	0.626998485	0.577657805	0.602748324	0.6449989736	0.657798813	0.651550325	0.668050581	0.620800014	0.687504923	0.657588968	0.59780116	0.718411497	0.605278925	0.736605703	0.656462285	0.638666594	0.574129395	0.733159126	0.696858963	0.707789831	0.599963968	0.687398973	0.615431202	0.600188546	0.659067853	0.629799134	0.677180639	0.648020706	0.674759546	0.588875811	0.646091815	0.656872541	0.573372845	0.68392134	0.662313616	0.681261602	0.688404942	0.608001291	0.689058006	0	0.673009936	0.663207508	0.676624402	0.702165884	0.707408638	0.691956406	0.743247631	0.70241864	0.634560458	0.649985422	0.566186334	0.712169571	0.723606646	0.740154958	0.769274296	0.793608666	0.738512606	0.7718047	0.748625029	0.686122419	0.675294166	0.688501706	0.648883678	0.769409785	0.69040256	0.705726742	0.78264282137	0.665256159	0.572060852	0.606498893	0.661102339	0.71780102	0.695060645	0.67522073	0.743698949	0.66807289	0.756301728	0.665755638	0.635715246	0.682002297	0.735991832	0.708571407	0.725597534	0.639927422	0.639383851	0.621609205	0.578629229	0.622716095	0.595192515	0.612093051	0.62308443	0.538782197	0.647555869	0.660172488	0.744362557	0.681456704	0.694015404	0.633115471	0.623791568	0.658375952	0.656551714	0.701944202	0.673009936	0	0.583671472	0.664270506	0.638958149	0.737617581	0.722247318	0.745572556	0.73376718	0.618619572	0.683336069	0.652834904	0.734124063	0.717623967	0.722775866	0.760879026	0.771049183	0.703583612	0.767573938	0.76620958	0.647188297	0.618056148	0.73847366	0.714602471	0.775622437	0.658588365	0.745250198	0.72666246538	0.648350435	0.540688411	0.639711042	0.631006748	0.75648757	0.742116463	0.681016131	0.774346606	0.623407289	0.792352229	0.704821328	0.632715722	0.705499328	0.780502474	0.74067119	0.746214315	0.617860955	0.655794776	0.631643541	0.571376693	0.534718165	0.564166122	0.657546843	0.636132011	0.57971872	0.686224273	0.705498943	0.765827863	0.705545278	0.760179677	0.67172682	0.625861168	0.689532316	0.600515393	0.756518418	0.663207508	0.583671472	0	0.674976739	0.662025961	0.774436788	0.751685048	0.793210157	0.764610168	0.640943544	0.704605607	0.653455152	0.785895134	0.761920153	0.76658143	0.803034319	0.811414494	0.767951687	0.813449512	0.801910874	0.708021297	0.670545442	0.768961823	0.736141196	0.811049973	0.713877978	0.788759379	0.80041027539	0.616596262	0.672848998	0.691298556	0.662335664	0.677755834	0.668162279	0.633018413	0.695098791	0.650821802	0.689877411	0.65189285	0.630244838	0.69964985	0.70652299	0.67822869	0.668715682	0.674382437	0.614548301	0.699972623	0.700778833	0.714955448	0.711487598	0.708460241	0.64272135	0.684221971	0.681415251	0.600097467	0.687173418	0.67788488	0.637786144	0.63025983	0.637336833	0.622130021	0.641992187	0.668080785	0.676624402	0.664270506	0.674976739	0	0.621798932	0.723113875	0.669166157	0.675388505	0.698576828	0.623688698	0.641010072	0.671499396	0.692818082	0.681495857	0.676795658	0.717012975	0.754184877	0.711823531	0.730295324	0.720945965	0.642418464	0.597666004	0.67189289	0.670751149	0.727371998	0.588054399	0.690082024	0.69664047740	0.644131775	0.683012202	0.718299635	0.643409195	0.735329364	0.729943526	0.684471856	0.751231297	0.640815992	0.762331425	0.705116528	0.645459204	0.728066497	0.757992935	0.722869261	0.715848188	0.656060721	0.571116702	0.730234932	0.703274258	0.680823135	0.700271284	0.734143601	0.656750542	0.650910301	0.703666352	0.668293184	0.722314185	0.714544721	0.696984575	0.641127936	0.563731022	0.595263429	0.623202944	0.707678402	0.702165884	0.638958149	0.662025961	0.621798932	0	0.765779803	0.750845533	0.750574825	0.74816558	0.612143376	0.694587586	0.715869652	0.73486117	0.736756511	0.728167039	0.758306758	0.793084734	0.76095474	0.770912734	0.768563507	0.657341434	0.576583283	0.729450568	0.744595181	0.769805755	0.648494923	0.740834378	0.74263763841	0.733505591	0.775757167	0.692095132	0.758552268	0.565889376	0.602153278	0.686904112	0.591156799	0.745111678	0.595054686	0.674410192	0.721803536	0.692242976	0.528840554	0.578411612	0.609114358	0.760534029	0.765882872	0.730198372	0.736910196	0.790763503	0.783880662	0.725982974	0.736419233	0.756270689	0.689857791	0.71803565	0.641953261	0.659938421	0.677643696	0.735912315	0.759790534	0.725207256	0.746852664	0.595476614	0.707408638	0.737617581	0.774436788	0.723113875	0.765779803	0	0.56752668	0.621461325	0.51792376	0.71644282	0.6133114	0.67666341	0.588367148	0.586148908	0.620877341	0.625787078	0.614089474	0.560673262	0.603445126	0.589339304	0.737238651	0.737978644	0.630598826	0.584322904	0.630137474	0.669321838	0.65299468	0.72399223342	0.695741634	0.742320577	0.653300138	0.714460919	0.551292395	0.558591987	0.637790691	0.535919987	0.714371707	0.545958224	0.621368688	0.701665922	0.673137823	0.566227218	0.603526632	0.597393886	0.727266976	0.733578205	0.694045593	0.709323099	0.764742586	0.75258526	0.679273644	0.701583921	0.729120843	0.664289234	0.681213723	0.609670238	0.623414555	0.665642956	0.702216931	0.736625594	0.703766774	0.711500141	0.597336347	0.691956406	0.722247318	0.751685048	0.669166157	0.750845533	0.56752668	0	0.569308397	0.581918423	0.679010652	0.565461417	0.648421726	0.558131184	0.590474217	0.625244536	0.634622932	0.650360735	0.603394545	0.658525481	0.587020926	0.700005076	0.710235618	0.592691772	0.526584222	0.639399838	0.641830036	0.610906252	0.69977314543	0.718780328	0.792332395	0.738108941	0.773193992	0.578619386	0.634153617	0.713514448	0.592624885	0.774564535	0.563019033	0.663595095	0.726958952	0.723199279	0.560426796	0.611885539	0.605821997	0.781208371	0.74739498	0.774384104	0.786293263	0.817265486	0.810646719	0.760346618	0.734440111	0.775068206	0.717089812	0.700697931	0.639234526	0.701467106	0.652396906	0.732167197	0.758886987	0.718771536	0.763395023	0.55610789	0.743247631	0.745572556	0.793210157	0.675388505	0.750574825	0.621461325	0.569308397	0	0.598451716	0.719151542	0.619804961	0.723917785	0.538805858	0.599971346	0.578356021	0.56906949	0.624305583	0.587360186	0.553208678	0.526836712	0.713547529	0.706859579	0.622105324	0.611881667	0.589880193	0.643899619	0.625893696	0.65891895344	0.7218418	0.757703744	0.710328248	0.75490755	0.541823938	0.599568725	0.681885534	0.585840393	0.732144981	0.589724757	0.649792369	0.689296295	0.694584576	0.531928921	0.57452116	0.564448352	0.747443687	0.739093698	0.695170697	0.732672035	0.779746377	0.767908798	0.714198127	0.711259931	0.749717143	0.687200549	0.695503841	0.619242437	0.649187726	0.67216035	0.718574266	0.743791413	0.71593352	0.738428404	0.586477981	0.70241864	0.73376718	0.764610168	0.698576828	0.74816558	0.51792376	0.581918423	0.598451716	0	0.713098767	0.60095646	0.664352282	0.58570612	0.580483713	0.594701904	0.638725848	0.64870479	0.58519118	0.607963443	0.594581693	0.71519555	0.708764859	0.617716065	0.569930575	0.61230753	0.645726842	0.628461936	0.71462903245	0.601654958	0.66519206	0.641123845	0.609388486	0.680324675	0.678761357	0.608467128	0.704729312	0.598676907	0.719180293	0.674746889	0.610038438	0.653389056	0.713585254	0.697865418	0.686032358	0.61886592	0.592413213	0.674428879	0.615801173	0.664176863	0.674493616	0.645281655	0.624845007	0.660160665	0.644989162	0.625608663	0.67236338	0.641122693	0.647329751	0.642416905	0.6153684	0.634400955	0.622476179	0.669050111	0.634560458	0.618619572	0.640943544	0.623688698	0.612143376	0.71644282	0.679010652	0.719151542	0.713098767	0	0.629878978	0.638853099	0.694266315	0.698541536	0.702089811	0.730339334	0.768509548	0.713854114	0.748154543	0.746097213	0.647614998	0.598500347	0.677117509	0.673995745	0.740809033	0.611705521	0.691365624	0.71144429946	0.6647914	0.701800964	0.627786739	0.679109266	0.567628613	0.579854146	0.626878808	0.631800064	0.674414591	0.618885516	0.609952268	0.640757458	0.641122108	0.599120665	0.593389818	0.586696617	0.688033818	0.682735492	0.663210825	0.677267466	0.736761195	0.722899515	0.670812903	0.653434002	0.68659389	0.62801664	0.632660644	0.582900488	0.607685594	0.619690238	0.647260824	0.676010944	0.639661184	0.660623549	0.55829293	0.649985422	0.683336069	0.704605607	0.641010072	0.694587586	0.6133114	0.565461417	0.619804961	0.60095646	0.629878978	0	0.619408079	0.589238322	0.589363887	0.622591998	0.650318091	0.706664969	0.648707883	0.67716215	0.644054964	0.662639223	0.649997191	0.610464201	0.560509322	0.650078638	0.603093057	0.607662294	0.6836966247	0.635841275	0.638106905	0.587066799	0.623852311	0.655011318	0.634702957	0.570186119	0.698097724	0.638833951	0.710891339	0.619054446	0.601975173	0.542785658	0.692448105	0.671323438	0.692924819	0.608718153	0.687657767	0.58370566	0.605251671	0.67280865	0.635669351	0.629036528	0.643156489	0.645473517	0.563553719	0.625140503	0.620423654	0.525380151	0.646080659	0.632225203	0.648102423	0.665937513	0.615289173	0.648088597	0.566186334	0.652834904	0.653455152	0.671499396	0.715869652	0.67666341	0.648421726	0.723917785	0.664352282	0.638853099	0.619408079	0	0.680963424	0.689953359	0.721608873	0.750997291	0.76561168	0.702372176	0.753875376	0.733147613	0.65674427	0.675693907	0.650245505	0.641640493	0.753459684	0.650135277	0.656442947	0.74572087848	0.708132722	0.781168273	0.712002817	0.750192879	0.524172772	0.575749146	0.665657032	0.596977358	0.734059669	0.555511166	0.638885503	0.700355331	0.696344682	0.580769681	0.616883073	0.571090933	0.764337897	0.734451251	0.745688269	0.756554531	0.811546168	0.791973337	0.731388146	0.70542707	0.763978664	0.694932769	0.680673932	0.574978892	0.640351697	0.610189142	0.720563285	0.733474325	0.681483109	0.749037568	0.533478717	0.712169571	0.734124063	0.785895134	0.692818082	0.73486117	0.588367148	0.558131184	0.538805858	0.58570612	0.694266315	0.589238322	0.680963424	0	0.606254341	0.62321674	0.614587443	0.658181478	0.609785904	0.595684707	0.60120586	0.684634649	0.683589893	0.607293948	0.591472099	0.63111382	0.585901265	0.585848584	0.65468038849	0.710521591	0.754612686	0.672801687	0.736835102	0.583755305	0.630778484	0.69098828	0.620468625	0.729080353	0.63185728	0.667852539	0.708180239	0.706497792	0.542371608	0.552667499	0.52200957	0.756613023	0.721379747	0.724191719	0.733035018	0.780508847	0.771895121	0.697661584	0.674573153	0.732989386	0.708245194	0.690901063	0.647486344	0.673716369	0.657354959	0.707030752	0.745215611	0.701084811	0.737426058	0.592641634	0.723606646	0.717623967	0.761920153	0.681495857	0.736756511	0.586148908	0.590474217	0.599971346	0.580483713	0.698541536	0.589363887	0.689953359	0.606254341	0	0.568060431	0.545517022	0.629159717	0.567984941	0.547007145	0.595036895	0.693045051	0.69330289	0.657689788	0.607013692	0.521949061	0.641286655	0.646980402	0.68816074450	0.727384478	0.766416369	0.720946442	0.767663453	0.609889329	0.64858622	0.72217136	0.619882122	0.754081482	0.604025804	0.675256945	0.708399484	0.748406587	0.60324583	0.593062691	0.602614734	0.76566019	0.733184425	0.753176241	0.765428324	0.78356222	0.789684938	0.740754216	0.720096098	0.746247725	0.70772366	0.697686456	0.665098021	0.723346451	0.654508374	0.726666474	0.746257989	0.717114552	0.746303948	0.582477321	0.740154958	0.722775866	0.76658143	0.676795658	0.728167039	0.620877341	0.625244536	0.578356021	0.594701904	0.702089811	0.622591998	0.721608873	0.62321674	0.568060431	0	0.549543958	0.615745026	0.592282015	0.55489881	0.592604619	0.724055713	0.709227849	0.661061038	0.634918507	0.556976782	0.641539465	0.659904875	0.6691660151	0.740427854	0.800454131	0.746701634	0.792398705	0.620302603	0.648212936	0.749487946	0.638737048	0.780391127	0.620221967	0.68455979	0.747164861	0.754227387	0.579140042	0.59409678	0.55901278	0.801861553	0.764781158	0.777626189	0.788666607	0.825932413	0.812359725	0.759626837	0.737418608	0.775155105	0.727766223	0.713487321	0.669152774	0.720694205	0.652673591	0.746735379	0.775722516	0.736258395	0.782066735	0.607879838	0.769274296	0.760879026	0.803034319	0.717012975	0.758306758	0.625787078	0.634622932	0.56906949	0.638725848	0.730339334	0.650318091	0.750997291	0.614587443	0.545517022	0.549543958	0	0.573897783	0.590432857	0.477950222	0.563263547	0.724943173	0.725014591	0.663078418	0.642758256	0.544957613	0.672581133	0.647284484	0.66665672452	0.765552275	0.79358331	0.75004108	0.817590164	0.664247637	0.688109546	0.765413627	0.655037637	0.801836489	0.637613774	0.720698057	0.766306719	0.772115156	0.593868972	0.614201905	0.608397228	0.812580753	0.781376121	0.770557192	0.792786303	0.823346231	0.818911863	0.766552983	0.769577053	0.786882688	0.744089132	0.750563406	0.704151015	0.754291084	0.712100402	0.760608453	0.797662991	0.757524439	0.797308208	0.677863194	0.793608666	0.771049183	0.811414494	0.754184877	0.793084734	0.614089474	0.650360735	0.624305583	0.64870479	0.768509548	0.706664969	0.76561168	0.658181478	0.629159717	0.615745026	0.573897783	0	0.574386905	0.556957815	0.593212549	0.761066718	0.764629403	0.691295428	0.688791347	0.571656071	0.709776335	0.682358739	0.71622886753	0.746009793	0.75384664	0.684809792	0.774311826	0.61088944	0.61729194	0.711127914	0.613225372	0.768886294	0.600315785	0.663544088	0.723846044	0.714885868	0.522506293	0.554503402	0.618961608	0.767668217	0.764070304	0.723300524	0.737311843	0.778736557	0.775438463	0.704189119	0.711690204	0.732272122	0.704512755	0.703790496	0.664216113	0.687715447	0.662794844	0.734108631	0.753550045	0.736079392	0.758545006	0.583795077	0.738512606	0.703583612	0.767951687	0.711823531	0.76095474	0.560673262	0.603394545	0.587360186	0.58519118	0.713854114	0.648707883	0.702372176	0.609785904	0.567984941	0.592282015	0.590432857	0.574386905	0	0.566778172	0.565130435	0.728756896	0.722415705	0.643997017	0.588771918	0.601624567	0.647487451	0.670470667	0.69834959354	0.755082449	0.798242306	0.755243645	0.791654555	0.628512953	0.659851382	0.752075358	0.631359685	0.78810644	0.623348994	0.717678914	0.743756183	0.761600526	0.549323137	0.572072399	0.59257423	0.801374921	0.760999542	0.783646358	0.799365659	0.82922363	0.824408666	0.766479064	0.74749489	0.788028969	0.742353916	0.723503223	0.68955692	0.726864056	0.676373847	0.759607549	0.777247306	0.739609068	0.784756849	0.607084396	0.7718047	0.767573938	0.813449512	0.730295324	0.7709